327180 1 5 7 783 409
936975 6 4 3 753 546
341013 8 6 7 85 44
338462 9 5 7 345 462
850984 10 5 4 830 574
670278 11 6 3 981 804
992327 12 7 0 401 295
518729 17 2 6 192 180
624722 18 0 1 946 1330
846931 26 0 5 615 775
445014 34 7 1 777 716
518237 43 2 1 237 160
907363 45 1 5 867 749
754275 46 3 2 185 197
452202 53 3 4 590 665
619627 54 6 4 274 184
192108 62 3 1 517 691
826482 63 6 4 423 223
867443 72 7 0 68 49
886898 74 4 3 604 661
257652 78 1 5 540 726
636536 84 2 6 522 324
275069 87 0 4 390 585
462465 88 1 6 237 199
835714 89 2 7 341 219
881800 92 2 7 75 82
633481 98 6 0 701 846
150156 101 3 6 777 579
968853 107 6 3 560 383
333470 112 0 5 535 793
992926 113 0 7 952 1164
761504 128 0 3 999 1209
709292 130 0 5 359 263
991405 132 5 7 973 1428
372913 137 4 7 871 1136
560309 138 6 7 373 427
812219 139 2 4 484 714
470717 144 3 5 129 168
143041 145 0 5 529 455
204994 146 2 1 673 811
204993 148 0 6 205 253
324805 149 1 4 781 648
925908 150 3 7 903 1300
784596 151 0 2 446 545
657628 166 1 2 110 142
218333 176 0 6 410 224
834270 185 7 5 700 417
366310 186 3 7 275 218
219366 187 6 3 399 464
279287 200 0 7 884 733
848123 201 3 5 126 135
806653 206 1 5 48 63
553216 215 7 4 554 680
203011 219 5 1 736 986
888069 223 2 6 998 912
232710 231 5 1 879 613
194825 238 2 0 368 470
636685 240 7 1 323 270
700702 246 2 3 56 45
259358 247 1 5 882 540
583454 253 0 3 46 27
481072 254 2 3 68 49
518452 255 4 2 374 560
638272 257 0 5 878 993
839497 261 2 1 921 1002
804689 266 1 6 811 1177
213332 279 0 7 524 312
336726 280 1 2 311 377
307549 282 3 4 322 269
616286 285 1 5 537 436
700261 286 5 0 864 1141
309611 287 7 4 853 791
999788 290 2 5 971 1446
330610 291 1 5 195 163
573813 293 1 0 679 869
369532 294 7 4 229 257
942473 297 5 3 623 900
558990 300 0 2 737 1056
572830 302 3 4 959 1383
391589 307 7 3 224 140
493485 311 6 1 125 171
852402 316 5 3 829 711
222643 319 2 7 244 138
568758 323 2 1 586 548
764344 324 0 2 739 733
303035 325 7 0 139 81
246208 326 3 0 838 443
256453 331 2 3 176 194
751563 333 2 4 607 609
462802 334 2 0 820 1018
583123 335 6 3 528 720
152534 336 4 0 988 1323
966103 348 5 3 48 61
393188 350 4 2 270 262
872421 351 1 0 154 213
594410 354 5 2 957 666
948715 362 3 2 52 43
852977 368 5 6 448 311
449013 369 7 3 439 642
321017 372 0 3 130 75